{
 "cells": [
  {
   "cell_type": "code",
   "execution_count": 1,
   "id": "6826128b-438a-4dd0-939c-f78d93fe0e03",
   "metadata": {},
   "outputs": [],
   "source": [
    "import pandas as pd\n",
    "import matplotlib.pyplot as plt\n",
    "import numpy as np\n",
    "import seaborn as sns\n",
    "%matplotlib inline"
   ]
  },
  {
   "cell_type": "code",
   "execution_count": 2,
   "id": "7c149de0-ead3-4f9f-bd28-8cfdc7b7a0fd",
   "metadata": {},
   "outputs": [],
   "source": [
    "df=pd.read_csv(\"Algerian_forest_fires_cleaned_dataset.csv\")"
   ]
  },
  {
   "cell_type": "code",
   "execution_count": 3,
   "id": "a435ac9e-ea9a-47e4-8a9c-1f04403b8578",
   "metadata": {},
   "outputs": [],
   "source": [
    "df.drop([\"day\",\"month\",\"year\"] , axis=1 , inplace=True)"
   ]
  },
  {
   "cell_type": "code",
   "execution_count": 4,
   "id": "7e1106c7-2a0b-4d33-96ac-ae8821fb44b0",
   "metadata": {},
   "outputs": [],
   "source": [
    "df[\"Classes\"] = df[\"Classes\"].str.strip().map({\n",
    "    \"not fire\" : 0,\n",
    "    \"fire\" : 1})"
   ]
  },
  {
   "cell_type": "code",
   "execution_count": 5,
   "id": "69157d13-587f-414e-82ad-fd5db60c80e6",
   "metadata": {},
   "outputs": [
    {
     "data": {
      "text/html": [
       "<div>\n",
       "<style scoped>\n",
       "    .dataframe tbody tr th:only-of-type {\n",
       "        vertical-align: middle;\n",
       "    }\n",
       "\n",
       "    .dataframe tbody tr th {\n",
       "        vertical-align: top;\n",
       "    }\n",
       "\n",
       "    .dataframe thead th {\n",
       "        text-align: right;\n",
       "    }\n",
       "</style>\n",
       "<table border=\"1\" class=\"dataframe\">\n",
       "  <thead>\n",
       "    <tr style=\"text-align: right;\">\n",
       "      <th></th>\n",
       "      <th>Temperature</th>\n",
       "      <th>RH</th>\n",
       "      <th>Ws</th>\n",
       "      <th>Rain</th>\n",
       "      <th>FFMC</th>\n",
       "      <th>DMC</th>\n",
       "      <th>DC</th>\n",
       "      <th>ISI</th>\n",
       "      <th>BUI</th>\n",
       "      <th>FWI</th>\n",
       "      <th>Classes</th>\n",
       "      <th>Region</th>\n",
       "    </tr>\n",
       "  </thead>\n",
       "  <tbody>\n",
       "    <tr>\n",
       "      <th>Temperature</th>\n",
       "      <td>1.000000</td>\n",
       "      <td>-0.651400</td>\n",
       "      <td>-0.284510</td>\n",
       "      <td>-0.326492</td>\n",
       "      <td>0.676568</td>\n",
       "      <td>0.485687</td>\n",
       "      <td>0.376284</td>\n",
       "      <td>0.603871</td>\n",
       "      <td>0.459789</td>\n",
       "      <td>0.566670</td>\n",
       "      <td>0.516015</td>\n",
       "      <td>0.269555</td>\n",
       "    </tr>\n",
       "    <tr>\n",
       "      <th>RH</th>\n",
       "      <td>-0.651400</td>\n",
       "      <td>1.000000</td>\n",
       "      <td>0.244048</td>\n",
       "      <td>0.222356</td>\n",
       "      <td>-0.644873</td>\n",
       "      <td>-0.408519</td>\n",
       "      <td>-0.226941</td>\n",
       "      <td>-0.686667</td>\n",
       "      <td>-0.353841</td>\n",
       "      <td>-0.580957</td>\n",
       "      <td>-0.432161</td>\n",
       "      <td>-0.402682</td>\n",
       "    </tr>\n",
       "    <tr>\n",
       "      <th>Ws</th>\n",
       "      <td>-0.284510</td>\n",
       "      <td>0.244048</td>\n",
       "      <td>1.000000</td>\n",
       "      <td>0.171506</td>\n",
       "      <td>-0.166548</td>\n",
       "      <td>-0.000721</td>\n",
       "      <td>0.079135</td>\n",
       "      <td>0.008532</td>\n",
       "      <td>0.031438</td>\n",
       "      <td>0.032368</td>\n",
       "      <td>-0.069964</td>\n",
       "      <td>-0.181160</td>\n",
       "    </tr>\n",
       "    <tr>\n",
       "      <th>Rain</th>\n",
       "      <td>-0.326492</td>\n",
       "      <td>0.222356</td>\n",
       "      <td>0.171506</td>\n",
       "      <td>1.000000</td>\n",
       "      <td>-0.543906</td>\n",
       "      <td>-0.288773</td>\n",
       "      <td>-0.298023</td>\n",
       "      <td>-0.347484</td>\n",
       "      <td>-0.299852</td>\n",
       "      <td>-0.324422</td>\n",
       "      <td>-0.379097</td>\n",
       "      <td>-0.040013</td>\n",
       "    </tr>\n",
       "    <tr>\n",
       "      <th>FFMC</th>\n",
       "      <td>0.676568</td>\n",
       "      <td>-0.644873</td>\n",
       "      <td>-0.166548</td>\n",
       "      <td>-0.543906</td>\n",
       "      <td>1.000000</td>\n",
       "      <td>0.603608</td>\n",
       "      <td>0.507397</td>\n",
       "      <td>0.740007</td>\n",
       "      <td>0.592011</td>\n",
       "      <td>0.691132</td>\n",
       "      <td>0.769492</td>\n",
       "      <td>0.222241</td>\n",
       "    </tr>\n",
       "    <tr>\n",
       "      <th>DMC</th>\n",
       "      <td>0.485687</td>\n",
       "      <td>-0.408519</td>\n",
       "      <td>-0.000721</td>\n",
       "      <td>-0.288773</td>\n",
       "      <td>0.603608</td>\n",
       "      <td>1.000000</td>\n",
       "      <td>0.875925</td>\n",
       "      <td>0.680454</td>\n",
       "      <td>0.982248</td>\n",
       "      <td>0.875864</td>\n",
       "      <td>0.585658</td>\n",
       "      <td>0.192089</td>\n",
       "    </tr>\n",
       "    <tr>\n",
       "      <th>DC</th>\n",
       "      <td>0.376284</td>\n",
       "      <td>-0.226941</td>\n",
       "      <td>0.079135</td>\n",
       "      <td>-0.298023</td>\n",
       "      <td>0.507397</td>\n",
       "      <td>0.875925</td>\n",
       "      <td>1.000000</td>\n",
       "      <td>0.508643</td>\n",
       "      <td>0.941988</td>\n",
       "      <td>0.739521</td>\n",
       "      <td>0.511123</td>\n",
       "      <td>-0.078734</td>\n",
       "    </tr>\n",
       "    <tr>\n",
       "      <th>ISI</th>\n",
       "      <td>0.603871</td>\n",
       "      <td>-0.686667</td>\n",
       "      <td>0.008532</td>\n",
       "      <td>-0.347484</td>\n",
       "      <td>0.740007</td>\n",
       "      <td>0.680454</td>\n",
       "      <td>0.508643</td>\n",
       "      <td>1.000000</td>\n",
       "      <td>0.644093</td>\n",
       "      <td>0.922895</td>\n",
       "      <td>0.735197</td>\n",
       "      <td>0.263197</td>\n",
       "    </tr>\n",
       "    <tr>\n",
       "      <th>BUI</th>\n",
       "      <td>0.459789</td>\n",
       "      <td>-0.353841</td>\n",
       "      <td>0.031438</td>\n",
       "      <td>-0.299852</td>\n",
       "      <td>0.592011</td>\n",
       "      <td>0.982248</td>\n",
       "      <td>0.941988</td>\n",
       "      <td>0.644093</td>\n",
       "      <td>1.000000</td>\n",
       "      <td>0.857973</td>\n",
       "      <td>0.586639</td>\n",
       "      <td>0.089408</td>\n",
       "    </tr>\n",
       "    <tr>\n",
       "      <th>FWI</th>\n",
       "      <td>0.566670</td>\n",
       "      <td>-0.580957</td>\n",
       "      <td>0.032368</td>\n",
       "      <td>-0.324422</td>\n",
       "      <td>0.691132</td>\n",
       "      <td>0.875864</td>\n",
       "      <td>0.739521</td>\n",
       "      <td>0.922895</td>\n",
       "      <td>0.857973</td>\n",
       "      <td>1.000000</td>\n",
       "      <td>0.719216</td>\n",
       "      <td>0.197102</td>\n",
       "    </tr>\n",
       "    <tr>\n",
       "      <th>Classes</th>\n",
       "      <td>0.516015</td>\n",
       "      <td>-0.432161</td>\n",
       "      <td>-0.069964</td>\n",
       "      <td>-0.379097</td>\n",
       "      <td>0.769492</td>\n",
       "      <td>0.585658</td>\n",
       "      <td>0.511123</td>\n",
       "      <td>0.735197</td>\n",
       "      <td>0.586639</td>\n",
       "      <td>0.719216</td>\n",
       "      <td>1.000000</td>\n",
       "      <td>0.162347</td>\n",
       "    </tr>\n",
       "    <tr>\n",
       "      <th>Region</th>\n",
       "      <td>0.269555</td>\n",
       "      <td>-0.402682</td>\n",
       "      <td>-0.181160</td>\n",
       "      <td>-0.040013</td>\n",
       "      <td>0.222241</td>\n",
       "      <td>0.192089</td>\n",
       "      <td>-0.078734</td>\n",
       "      <td>0.263197</td>\n",
       "      <td>0.089408</td>\n",
       "      <td>0.197102</td>\n",
       "      <td>0.162347</td>\n",
       "      <td>1.000000</td>\n",
       "    </tr>\n",
       "  </tbody>\n",
       "</table>\n",
       "</div>"
      ],
      "text/plain": [
       "             Temperature        RH        Ws      Rain      FFMC       DMC  \\\n",
       "Temperature     1.000000 -0.651400 -0.284510 -0.326492  0.676568  0.485687   \n",
       "RH             -0.651400  1.000000  0.244048  0.222356 -0.644873 -0.408519   \n",
       "Ws             -0.284510  0.244048  1.000000  0.171506 -0.166548 -0.000721   \n",
       "Rain           -0.326492  0.222356  0.171506  1.000000 -0.543906 -0.288773   \n",
       "FFMC            0.676568 -0.644873 -0.166548 -0.543906  1.000000  0.603608   \n",
       "DMC             0.485687 -0.408519 -0.000721 -0.288773  0.603608  1.000000   \n",
       "DC              0.376284 -0.226941  0.079135 -0.298023  0.507397  0.875925   \n",
       "ISI             0.603871 -0.686667  0.008532 -0.347484  0.740007  0.680454   \n",
       "BUI             0.459789 -0.353841  0.031438 -0.299852  0.592011  0.982248   \n",
       "FWI             0.566670 -0.580957  0.032368 -0.324422  0.691132  0.875864   \n",
       "Classes         0.516015 -0.432161 -0.069964 -0.379097  0.769492  0.585658   \n",
       "Region          0.269555 -0.402682 -0.181160 -0.040013  0.222241  0.192089   \n",
       "\n",
       "                   DC       ISI       BUI       FWI   Classes    Region  \n",
       "Temperature  0.376284  0.603871  0.459789  0.566670  0.516015  0.269555  \n",
       "RH          -0.226941 -0.686667 -0.353841 -0.580957 -0.432161 -0.402682  \n",
       "Ws           0.079135  0.008532  0.031438  0.032368 -0.069964 -0.181160  \n",
       "Rain        -0.298023 -0.347484 -0.299852 -0.324422 -0.379097 -0.040013  \n",
       "FFMC         0.507397  0.740007  0.592011  0.691132  0.769492  0.222241  \n",
       "DMC          0.875925  0.680454  0.982248  0.875864  0.585658  0.192089  \n",
       "DC           1.000000  0.508643  0.941988  0.739521  0.511123 -0.078734  \n",
       "ISI          0.508643  1.000000  0.644093  0.922895  0.735197  0.263197  \n",
       "BUI          0.941988  0.644093  1.000000  0.857973  0.586639  0.089408  \n",
       "FWI          0.739521  0.922895  0.857973  1.000000  0.719216  0.197102  \n",
       "Classes      0.511123  0.735197  0.586639  0.719216  1.000000  0.162347  \n",
       "Region      -0.078734  0.263197  0.089408  0.197102  0.162347  1.000000  "
      ]
     },
     "execution_count": 5,
     "metadata": {},
     "output_type": "execute_result"
    }
   ],
   "source": [
    "df.corr()"
   ]
  },
  {
   "cell_type": "code",
   "execution_count": 9,
   "id": "e5b101e0-3142-4be4-bd81-f28bba84f5e2",
   "metadata": {},
   "outputs": [],
   "source": [
    "X=df.drop(\"FWI\" , axis=1)\n",
    "y=df[\"FWI\"]"
   ]
  },
  {
   "cell_type": "code",
   "execution_count": 11,
   "id": "c09792df-8e75-4e7f-8755-846c3989c338",
   "metadata": {},
   "outputs": [],
   "source": [
    "from sklearn.model_selection import train_test_split"
   ]
  },
  {
   "cell_type": "code",
   "execution_count": 12,
   "id": "2f67147b-d11a-4035-bfa0-b498adeb4985",
   "metadata": {},
   "outputs": [],
   "source": [
    "X_train , X_test , y_train , y_test = train_test_split(X,y,test_size=0.2 , random_state=42)"
   ]
  },
  {
   "cell_type": "code",
   "execution_count": 14,
   "id": "fb669f5d-17a6-4aaa-8062-fa1661de7d88",
   "metadata": {},
   "outputs": [
    {
     "data": {
      "text/plain": [
       "(194, 11)"
      ]
     },
     "execution_count": 14,
     "metadata": {},
     "output_type": "execute_result"
    }
   ],
   "source": [
    "X_train.shape"
   ]
  },
  {
   "cell_type": "markdown",
   "id": "0cbbf594-a2d6-406f-92e8-fce654d98801",
   "metadata": {},
   "source": [
    "# Feature Selection"
   ]
  },
  {
   "cell_type": "code",
   "execution_count": 15,
   "id": "692f2221-161e-4007-8b98-7fe6ce489e57",
   "metadata": {},
   "outputs": [
    {
     "data": {
      "text/html": [
       "<div>\n",
       "<style scoped>\n",
       "    .dataframe tbody tr th:only-of-type {\n",
       "        vertical-align: middle;\n",
       "    }\n",
       "\n",
       "    .dataframe tbody tr th {\n",
       "        vertical-align: top;\n",
       "    }\n",
       "\n",
       "    .dataframe thead th {\n",
       "        text-align: right;\n",
       "    }\n",
       "</style>\n",
       "<table border=\"1\" class=\"dataframe\">\n",
       "  <thead>\n",
       "    <tr style=\"text-align: right;\">\n",
       "      <th></th>\n",
       "      <th>Temperature</th>\n",
       "      <th>RH</th>\n",
       "      <th>Ws</th>\n",
       "      <th>Rain</th>\n",
       "      <th>FFMC</th>\n",
       "      <th>DMC</th>\n",
       "      <th>DC</th>\n",
       "      <th>ISI</th>\n",
       "      <th>BUI</th>\n",
       "      <th>Classes</th>\n",
       "      <th>Region</th>\n",
       "    </tr>\n",
       "  </thead>\n",
       "  <tbody>\n",
       "    <tr>\n",
       "      <th>Temperature</th>\n",
       "      <td>1.000000</td>\n",
       "      <td>-0.653725</td>\n",
       "      <td>-0.308149</td>\n",
       "      <td>-0.313112</td>\n",
       "      <td>0.690285</td>\n",
       "      <td>0.468911</td>\n",
       "      <td>0.372163</td>\n",
       "      <td>0.613138</td>\n",
       "      <td>0.446280</td>\n",
       "      <td>0.539642</td>\n",
       "      <td>0.258344</td>\n",
       "    </tr>\n",
       "    <tr>\n",
       "      <th>RH</th>\n",
       "      <td>-0.653725</td>\n",
       "      <td>1.000000</td>\n",
       "      <td>0.211645</td>\n",
       "      <td>0.239441</td>\n",
       "      <td>-0.649239</td>\n",
       "      <td>-0.401836</td>\n",
       "      <td>-0.220945</td>\n",
       "      <td>-0.714640</td>\n",
       "      <td>-0.346511</td>\n",
       "      <td>-0.454926</td>\n",
       "      <td>-0.408441</td>\n",
       "    </tr>\n",
       "    <tr>\n",
       "      <th>Ws</th>\n",
       "      <td>-0.308149</td>\n",
       "      <td>0.211645</td>\n",
       "      <td>1.000000</td>\n",
       "      <td>0.235922</td>\n",
       "      <td>-0.176596</td>\n",
       "      <td>0.004712</td>\n",
       "      <td>0.092866</td>\n",
       "      <td>-0.002300</td>\n",
       "      <td>0.037465</td>\n",
       "      <td>-0.075322</td>\n",
       "      <td>-0.202357</td>\n",
       "    </tr>\n",
       "    <tr>\n",
       "      <th>Rain</th>\n",
       "      <td>-0.313112</td>\n",
       "      <td>0.239441</td>\n",
       "      <td>0.235922</td>\n",
       "      <td>1.000000</td>\n",
       "      <td>-0.547864</td>\n",
       "      <td>-0.288538</td>\n",
       "      <td>-0.301110</td>\n",
       "      <td>-0.349903</td>\n",
       "      <td>-0.299179</td>\n",
       "      <td>-0.378585</td>\n",
       "      <td>-0.057382</td>\n",
       "    </tr>\n",
       "    <tr>\n",
       "      <th>FFMC</th>\n",
       "      <td>0.690285</td>\n",
       "      <td>-0.649239</td>\n",
       "      <td>-0.176596</td>\n",
       "      <td>-0.547864</td>\n",
       "      <td>1.000000</td>\n",
       "      <td>0.611978</td>\n",
       "      <td>0.519513</td>\n",
       "      <td>0.751819</td>\n",
       "      <td>0.598248</td>\n",
       "      <td>0.786012</td>\n",
       "      <td>0.254770</td>\n",
       "    </tr>\n",
       "    <tr>\n",
       "      <th>DMC</th>\n",
       "      <td>0.468911</td>\n",
       "      <td>-0.401836</td>\n",
       "      <td>0.004712</td>\n",
       "      <td>-0.288538</td>\n",
       "      <td>0.611978</td>\n",
       "      <td>1.000000</td>\n",
       "      <td>0.876122</td>\n",
       "      <td>0.679049</td>\n",
       "      <td>0.983891</td>\n",
       "      <td>0.606775</td>\n",
       "      <td>0.188980</td>\n",
       "    </tr>\n",
       "    <tr>\n",
       "      <th>DC</th>\n",
       "      <td>0.372163</td>\n",
       "      <td>-0.220945</td>\n",
       "      <td>0.092866</td>\n",
       "      <td>-0.301110</td>\n",
       "      <td>0.519513</td>\n",
       "      <td>0.876122</td>\n",
       "      <td>1.000000</td>\n",
       "      <td>0.512934</td>\n",
       "      <td>0.946181</td>\n",
       "      <td>0.538893</td>\n",
       "      <td>-0.083038</td>\n",
       "    </tr>\n",
       "    <tr>\n",
       "      <th>ISI</th>\n",
       "      <td>0.613138</td>\n",
       "      <td>-0.714640</td>\n",
       "      <td>-0.002300</td>\n",
       "      <td>-0.349903</td>\n",
       "      <td>0.751819</td>\n",
       "      <td>0.679049</td>\n",
       "      <td>0.512934</td>\n",
       "      <td>1.000000</td>\n",
       "      <td>0.637669</td>\n",
       "      <td>0.740072</td>\n",
       "      <td>0.291889</td>\n",
       "    </tr>\n",
       "    <tr>\n",
       "      <th>BUI</th>\n",
       "      <td>0.446280</td>\n",
       "      <td>-0.346511</td>\n",
       "      <td>0.037465</td>\n",
       "      <td>-0.299179</td>\n",
       "      <td>0.598248</td>\n",
       "      <td>0.983891</td>\n",
       "      <td>0.946181</td>\n",
       "      <td>0.637669</td>\n",
       "      <td>1.000000</td>\n",
       "      <td>0.602102</td>\n",
       "      <td>0.090326</td>\n",
       "    </tr>\n",
       "    <tr>\n",
       "      <th>Classes</th>\n",
       "      <td>0.539642</td>\n",
       "      <td>-0.454926</td>\n",
       "      <td>-0.075322</td>\n",
       "      <td>-0.378585</td>\n",
       "      <td>0.786012</td>\n",
       "      <td>0.606775</td>\n",
       "      <td>0.538893</td>\n",
       "      <td>0.740072</td>\n",
       "      <td>0.602102</td>\n",
       "      <td>1.000000</td>\n",
       "      <td>0.196276</td>\n",
       "    </tr>\n",
       "    <tr>\n",
       "      <th>Region</th>\n",
       "      <td>0.258344</td>\n",
       "      <td>-0.408441</td>\n",
       "      <td>-0.202357</td>\n",
       "      <td>-0.057382</td>\n",
       "      <td>0.254770</td>\n",
       "      <td>0.188980</td>\n",
       "      <td>-0.083038</td>\n",
       "      <td>0.291889</td>\n",
       "      <td>0.090326</td>\n",
       "      <td>0.196276</td>\n",
       "      <td>1.000000</td>\n",
       "    </tr>\n",
       "  </tbody>\n",
       "</table>\n",
       "</div>"
      ],
      "text/plain": [
       "             Temperature        RH        Ws      Rain      FFMC       DMC  \\\n",
       "Temperature     1.000000 -0.653725 -0.308149 -0.313112  0.690285  0.468911   \n",
       "RH             -0.653725  1.000000  0.211645  0.239441 -0.649239 -0.401836   \n",
       "Ws             -0.308149  0.211645  1.000000  0.235922 -0.176596  0.004712   \n",
       "Rain           -0.313112  0.239441  0.235922  1.000000 -0.547864 -0.288538   \n",
       "FFMC            0.690285 -0.649239 -0.176596 -0.547864  1.000000  0.611978   \n",
       "DMC             0.468911 -0.401836  0.004712 -0.288538  0.611978  1.000000   \n",
       "DC              0.372163 -0.220945  0.092866 -0.301110  0.519513  0.876122   \n",
       "ISI             0.613138 -0.714640 -0.002300 -0.349903  0.751819  0.679049   \n",
       "BUI             0.446280 -0.346511  0.037465 -0.299179  0.598248  0.983891   \n",
       "Classes         0.539642 -0.454926 -0.075322 -0.378585  0.786012  0.606775   \n",
       "Region          0.258344 -0.408441 -0.202357 -0.057382  0.254770  0.188980   \n",
       "\n",
       "                   DC       ISI       BUI   Classes    Region  \n",
       "Temperature  0.372163  0.613138  0.446280  0.539642  0.258344  \n",
       "RH          -0.220945 -0.714640 -0.346511 -0.454926 -0.408441  \n",
       "Ws           0.092866 -0.002300  0.037465 -0.075322 -0.202357  \n",
       "Rain        -0.301110 -0.349903 -0.299179 -0.378585 -0.057382  \n",
       "FFMC         0.519513  0.751819  0.598248  0.786012  0.254770  \n",
       "DMC          0.876122  0.679049  0.983891  0.606775  0.188980  \n",
       "DC           1.000000  0.512934  0.946181  0.538893 -0.083038  \n",
       "ISI          0.512934  1.000000  0.637669  0.740072  0.291889  \n",
       "BUI          0.946181  0.637669  1.000000  0.602102  0.090326  \n",
       "Classes      0.538893  0.740072  0.602102  1.000000  0.196276  \n",
       "Region      -0.083038  0.291889  0.090326  0.196276  1.000000  "
      ]
     },
     "execution_count": 15,
     "metadata": {},
     "output_type": "execute_result"
    }
   ],
   "source": [
    "X_train.corr()"
   ]
  },
  {
   "cell_type": "code",
   "execution_count": 16,
   "id": "7b6eabfc-1f40-4069-8d7a-20544f95af9f",
   "metadata": {},
   "outputs": [
    {
     "data": {
      "text/plain": [
       "<Axes: >"
      ]
     },
     "execution_count": 16,
     "metadata": {},
     "output_type": "execute_result"
    },
    {
     "data": {
